(1,19,16,18,12) (1,6,30,4,19) (1,12,32,33,28,27,6) (2,3,5,25,13,21,17) (2,0,16,19,4,14,3) (2,17,10,9,32,12,18,0) (3,14,31,7,5) (4,30,31,14) (5,7,26,29,23,8,15,25) (6,27,26,7,31,30) (8,24,20,21,13,15) (8,23,11,35,22,24) (9,34,35,11,33,32) (9,10,20,24,22,34) (10,17,21,20) (11,23,29,28,33) (13,25,15) (16,0,18) (22,35,34) (26,27,28,29)
(1,23,25,22,21) (1,16,10,11,23) (1,21,20,16) (2,0,19,18) (2,13,4,9,8,0) (2,18,14,28,29,6,13) (3,17,27,26,5) (3,12,17) (3,5,20,21,22,24,7,28,14,15,12) (4,13,6,11,10) (4,10,16,20,5,26,9) (6,29,7,24,25,23,11) (7,29,28) (8,9,26,27) (8,27,17,12,15,19,0) (14,18,19,15) (22,25,24)
(1,11,13,6,28,29,18) (1,25,23,21,30,31,11) (1,18,22,25) (2,14,6,13,0,5,8,7) (2,17,10,16,19,22,18,29,24,14) (2,7,9,27,17) (3,15,12,26) (3,9,7,8,20,30,21,15) (3,26,27,9) (4,10,17,27,26,12) (4,16,10) (4,12,15,21,23,19,16) (5,0,31,30,20) (5,20,8) (6,14,24,28) (11,31,0,13) (19,23,25,22) (24,29,28)
(1,29,28) (1,2,8,10,29) (1,28,23,4,13,7,11,2) (2,11,27,25,6,5,8) (3,15,21,30) (3,5,6,12,17,15) (3,30,31,10,8,5) (4,23,22,20) (4,20,16,18,19,13) (6,25,26,24,0,9,12) (7,13,19,0,24) (7,24,26,27,11) (9,18,16,17,12) (9,0,19,18) (10,31,14,22,23,28,29) (14,31,30,21) (14,21,15,17,16,20,22) (25,27,26)
(1,13,15,14) (1,11,4,3,8,12,13) (1,14,10,11) (2,7,5,0) (2,3,4,7) (2,0,6,8,3) (4,11,10,5,7) (5,10,14,15,9,6,0) (6,9,12,8) (9,15,13,12)
(1,4,2,17,16) (1,11,13,3,7,4) (1,16,9,27,12,11) (2,15,21,28,18,22,14,25,6,17) (2,4,7,29,19,15) (3,0,8,29,7) (3,13,5,31,0) (5,10,24,20,30,31) (5,13,11,12,10) (6,25,26,27,9) (6,9,16,17) (8,0,31,30,23,18,28) (8,28,21,19,29) (10,12,27,26,24) (14,20,24,26,25) (14,22,23,30,20) (15,19,21) (18,23,22)
(1,0,10,11) (1,8,13,16,0) (1,11,4,6,9,8) (2,14,18,12,5) (2,6,4,7,14) (2,5,9,6) (3,19,18,14,7) (3,17,15,19) (3,7,4,11,10,17) (5,12,13,8,9) (10,0,16,15,17) (12,18,19,15,16,13)
(1,2,10,3,8) (1,0,7,2) (1,8,5,6,0) (2,7,11,13,10) (3,10,13,12,9) (3,9,5,8) (4,12,13,11) (4,6,5,9,12) (4,11,7,0,6)
(1,3,0,22,23,7,19) (1,2,4,10,8,6,3) (1,19,16,2) (2,16,11,13,4) (3,6,0) (4,13,14,10) (5,15,21,20) (5,8,10,14,15) (5,20,18,22,0,6,8) (7,12,11,16,19) (7,23,17,9,12) (9,21,15,14,13,11,12) (9,17,18,20,21) (17,23,22,18)
(1,21,20,8,22,23,19,3) (1,13,6,12,14,18,21) (1,3,13) (2,25,0,27) (2,6,13,3,19,25) (2,27,24,26,12,6) (4,10,7,16,28,29) (4,11,9,10) (4,29,30,31,11) (5,23,22) (5,9,11,31,0,25,19,23) (5,22,8,17,7,10,9) (7,17,15,16) (8,20,18,14,15,17) (12,26,28,16,15,14) (18,20,21) (24,27,0,31,30) (24,30,29,28,26)
(1,13,11,8,7) (1,3,12,13) (1,7,5,9,10,3) (2,12,3,10) (2,19,6,16,17,11,13,12) (2,10,9,0,18,19) (4,0,9,5) (4,14,16,6,18,0) (4,5,7,8,15,14) (6,19,18) (8,11,17,15) (14,15,17,16)
(1,23,22,21,8) (1,2,13,11,23) (1,8,9,26,27,2) (2,27,15,16,12,10,13) (3,7,4,20,0,28,29,24,18) (3,17,14,7) (3,18,19,5,12,16,17) (4,7,14,15,27,26) (4,26,9,20) (5,19,24,29,25,22,23,11,6) (5,6,10,12) (6,11,13,10) (8,21,0,20,9) (14,17,16,15) (18,24,19) (21,22,25,28,0) (25,29,28)
(1,7,0,11) (1,8,6,13,7) (1,11,15,3,12,8) (2,16,17,9) (2,10,13,6,4,16) (2,9,5,14,10) (3,17,16,4,12) (3,15,5,9,17) (4,6,8,12) (5,15,11,0,14) (7,13,10,14,0)
(1,3,16,10,13,11) (1,2,3) (1,11,15,0,17,5,2) (2,5,9,8,16,3) (4,7,6,13,10,12) (4,14,18,17,0,7) (4,12,8,9,19,14) (5,17,18,19,9) (6,15,11,13) (6,7,0,15) (8,12,10,16) (14,19,18)
(1,6,4,21,15) (1,9,24,3,0,6) (1,15,7,16,5,2,8,9) (2,25,10,8) (2,5,17,19,20,25) (3,24,10,25,20,22,11) (3,11,12,0) (4,13,23,14,21) (4,6,0,12,13) (5,16,17) (7,15,21,14,18) (7,18,19,17,16) (8,10,24,9) (11,22,23,13,12) (14,23,22,20,19,18)
(1,27,11,30) (1,16,0,15,28,29,26,27) (1,30,33,6,25,18,16) (2,8,36,37,5) (2,21,19,14,20,8) (2,5,9,24,21) (3,13,4,31) (3,32,35,34,23,13) (3,31,20,14,7,25,6,32) (4,13,23,22,38,41,40,37,36) (4,36,8,20,31) (5,37,40,12,9) (6,33,35,32) (7,19,21,24,18,25) (7,14,19) (9,12,17,0,16,18,24) (10,34,35,33,30,11) (10,26,29,22,23,34) (10,11,27,26) (12,40,41,39,28,15,17) (15,0,17) (22,29,28,39,38) (38,39,41)
(1,6,15,14) (1,11,12,6) (1,14,0,16,17,8,21,2,13,11) (2,21,20,7) (2,7,13) (3,10,20,21,8) (3,4,9,15,6,12,10) (3,8,17,5,19,4) (4,19,18,9) (5,17,16) (5,16,0,18,19) (7,20,10,12,11,13) (9,18,0,14,15)
(1,27,24,34,19,6) (1,4,7,8,9,27) (1,6,23,21,4) (2,9,8,32,33,11) (2,18,24,27,9) (2,11,25,13,18) (3,26,33,32) (3,14,16,15,26) (3,32,8,7,17,10,14) (4,21,0,17,7) (5,16,14,10,0,21,23,22) (5,31,12,15,16) (5,22,30,31) (6,19,30,22,23) (10,17,0) (11,33,26,15,12,28,20,25) (12,31,30,19,34,35,29,28) (13,35,34,24,18) (13,25,20,29,35) (20,28,29)
(1,13,21,20) (1,14,5,11,13) (1,20,9,18,14) (2,6,3,17,16) (2,12,0,6) (2,16,15,19,12) (3,8,4,10,17) (3,6,0,7,8) (4,21,13,11,10) (4,8,7,9,20,21) (5,14,18,19,15) (5,15,16,17,10,11) (7,0,12,19,18,9)
(1,2,19,27,26,13) (1,18,12,2) (1,13,22,11,32,18) (2,12,8,41,9,19) (3,39,35,34,16) (3,0,10,15,38,39) (3,16,14,17,0) (4,35,39,38,30) (4,36,37,6,33,34,35) (4,30,31,28,29,5,36) (5,37,36) (5,29,6,37) (6,29,28,32,11,33) (7,22,13,26,25,24) (7,14,16,34,33,11,22) (7,24,17,14) (8,31,30,38,15,21,40,41) (8,12,18,32,28,31) (9,41,40) (9,40,21,20,23,27,19) (10,20,21,15) (10,0,17,24,25,23,20) (23,25,26,27)
(1,4,19,21,6) (1,11,16,14,3,4) (1,6,9,5,10,11) (2,14,16,17,23,20,22) (2,0,24,13,3,14) (2,22,0) (3,13,25,15,19,4) (5,9,12,8,23,17,7) (5,7,10) (6,21,18,12,9) (7,17,16,11,10) (8,12,18,15,25,24,0,22,20) (8,20,23) (13,24,25) (15,18,21,19)
(1,5,16,9,13,0) (1,7,4,5) (1,0,2,15,6,11,7) (2,3,14,15) (2,0,13,3) (3,13,9,10,12,14) (4,17,16,5) (4,7,11,8,17) (6,15,14,12) (6,12,10,8,11) (8,10,9,16,17)
(1,12,16,5,20,17) (1,7,2,13,12) (1,17,4,3,26,27,7) (2,27,26,29,28,15,11,13) (2,7,27) (3,4,23,24,22,21) (3,21,31,9,32,29,26) (4,17,20,23) (5,25,24,23,20) (5,16,18,19,8,25) (6,14,33,30,32,9) (6,31,21,22,14) (6,9,31) (8,33,14,22,24,25) (8,19,10,0,30,33) (10,15,28,0) (10,19,18,11,15) (11,18,16,12,13) (28,29,32,30,0)
(1,27,26,22,6) (1,23,28,4,25,27) (1,6,8,16,29,23) (2,19,18,17) (2,21,8,6,22,3,19) (2,17,9,15,12,7,20,21) (3,11,0,5,18,19) (3,22,26,24,11) (4,10,0,11,24,25) (4,28,29,16,20,7,13,14,10) (5,9,17,18) (5,0,10,14,15,9) (7,12,13) (8,21,20,16) (12,15,14,13) (23,29,28) (24,26,27,25)
(1,21,15,20,27,26) (1,4,21) (1,26,22,24,0,6,28,29,10,4) (2,16,29,28) (2,17,13,8,9,7,16) (2,28,6,12,17) (3,14,13,17,12) (3,0,24,25,23,14) (3,12,6,0) (4,10,18,15,21) (5,19,7,9) (5,11,20,15,18,19) (5,9,8,11) (7,19,18,10,29,16) (8,13,14,23,27,20,11) (22,25,24) (22,26,27,23,25)
(1,12,20,18,21,13,7,6) (1,8,10,12) (1,6,5,11,14,15,8) (2,16,27,26,22,24) (2,20,12,10,16) (2,24,18,20) (3,4,25,22,26,9) (3,11,5,7,13,19,17,4) (3,9,14,11) (4,17,0,23,25) (5,6,7) (8,15,27,16,10) (9,26,27,15,14) (13,21,23,0,19) (17,19,0) (18,24,22,25,23,21)
(1,4,18,2) (1,28,29,27,8,4) (1,2,15,14,17,24,31,28) (2,18,13,0,19,15) (3,29,28,31,30) (3,5,12,27,29) (3,30,26,25,5) (4,8,11,10,13,18) (5,25,22,16,6,9,12) (6,10,11,9) (6,16,20,0,13,10) (7,23,22,25,26,24,17) (7,14,15,19,21,23) (7,17,14) (8,27,12,9,11) (16,22,23,21,20) (19,0,20,21) (24,26,30,31)
(1,10,11,3,7,17,8) (1,4,6,10) (1,8,19,22,16,9,4) (2,12,0,21,16,22,23) (2,7,3,14,12) (2,23,25,18,17,7) (3,11,5,15,14) (4,9,20,27,29,6) (5,11,10,6,29,28) (5,28,26,13,15) (8,17,18,24,19) (9,16,21,20) (12,14,15,13,0) (13,26,27,20,21,0) (18,25,24) (19,24,25,23,22) (26,28,29,27)
(1,23,22,20) (1,24,25,8,14,11,23) (1,20,19,15,21,24) (2,17,18,10,16,4) (2,5,8,25,21,15,17) (2,4,13,11,14,5) (3,22,23,11,13,9,6) (3,7,10,18,19,20,22) (3,6,12,0,7) (4,16,0,12,9,13) (5,14,8) (6,9,12) (7,0,16,10) (15,19,18,17) (21,25,24)
(1,13,15,16) (1,14,10,13) (1,16,0,6,7,12,14) (2,3,4,9) (2,8,17,18,5,3) (2,9,6,0,8) (3,5,19,11,12,7,4) (4,7,6,9) (5,18,19) (8,0,16,15,17) (10,11,19,18,17,15,13) (10,14,12,11)
(1,0,2,18,7,8,26) (1,4,24,10,12,0) (1,26,27,5,11,4) (2,13,3,17,14,21,20,18) (2,0,12,13) (3,9,6,17) (3,13,12,10,9) (4,11,22,23,24) (5,27,8,7,20,21,19) (5,19,16,15,25,22,11) (6,15,16,14,17) (6,9,10,24,23,25,15) (7,18,20) (8,27,26) (14,16,19,21) (22,25,23)
(1,0,10,20,2,24,11,4) (1,3,16,12,0) (1,4,5,18,14,3) (2,21,25,24) (2,20,23,21) (3,14,17,16) (4,11,5) (5,11,24,25,22,19,7,9,15,18) (6,19,22,23,20,10) (6,8,7,19) (6,10,0,12,13,8) (7,8,13,9) (9,13,12,16,17,15) (14,18,15,17) (21,23,22,25)
(1,11,12,13) (1,10,9,24,11) (1,13,0,10) (2,28,29,8,22,6) (2,12,11,24,25,30,7,28) (2,6,16,0,13,12) (3,27,26,14) (3,21,19,18,15,27) (3,14,4,17,20,21) (4,14,26,31,25,24,9) (4,9,10,0,16,17) (5,23,22,8) (5,15,18,23) (5,8,29,7,30,31,26,27,15) (6,22,23,18,19,20,17,16) (7,29,28) (19,21,20) (25,31,30)
(1,23,25,2,13,11,10,6) (1,20,12,42,45,39,23) (1,6,18,21,20) (2,9,5,22,13) (2,25,7,27,9) (3,33,32,21,18,35,34,15) (3,16,33) (3,15,29,0,36,37,16) (4,40,24,43,46,44,38) (4,17,5,9,27,40) (4,38,26,17) (5,17,26,14,36,0,31,22) (6,10,8,35,18) (7,41,24,40,27) (7,25,23,39,41) (8,19,34,35) (8,10,11,30,28,19) (11,13,22,31,30) (12,20,21,32) (12,32,33,16,37,14,26,38,44,47,42) (14,37,36) (15,34,19,28,29) (24,41,39,45,43) (28,30,31,0,29) (42,47,46,43,45) (44,46,47)
(1,4,17,5,6,18,10,11) (1,9,13,4) (1,11,0,12,15,9) (2,10,18,19) (2,0,11,10) (2,19,7,8,14,12,0) (3,5,17,16) (3,8,7,6,5) (3,16,13,9,15,14,8) (4,13,16,17) (6,7,19,18) (12,14,15)
(1,6,7) (1,5,3,10,8,2,6) (1,7,4,5) (2,8,15,14) (2,14,12,0,4,7,6) (3,11,10) (3,5,4,0,9,11) (8,10,11,9,13,15) (9,0,12,13) (12,14,15,13)
(1,16,13,17,12,2) (1,5,15,16) (1,2,4,7,5) (2,12,6,4) (3,20,18,21) (3,10,6,12,17,20) (3,21,22,24,10) (4,6,10,24,25,7) (5,7,25,0,14,8,15) (8,11,13,16,15) (8,14,19,11) (9,0,25,24,22) (9,23,19,14,0) (9,22,21,18,23) (11,19,23,18,20,17,13)
(1,13,31,30,5) (1,21,11,4,28,20,13) (1,5,27,26,21) (2,0,9,16,23,14) (2,3,18,0) (2,14,25,29,28,4,7,3) (3,7,6,19,18) (4,11,6,7) (5,30,17,12,27) (6,11,21,26,10,19) (8,31,13,20,29,25) (8,24,17,30,31) (8,25,14,23,22,24) (9,10,26,27,12,15,16) (9,0,18,19,10) (12,17,24,22,15) (15,22,23,16) (20,28,29)
(1,10,4,13,11,8) (1,3,19,20,21,12,10) (1,8,2,24,25,27,15,3) (2,11,13,23,0,5,7,14,24) (2,8,11) (3,15,18,26,19) (4,12,21,22,23,13) (4,10,12) (5,6,28,7) (5,0,9,16,17,6) (6,17,26,18,29,28) (7,28,29,27,25,14) (9,0,23,22) (9,22,21,20,16) (14,25,24) (15,27,29,18) (16,20,19,26,17)
(1,0,24,25,36,37,7) (1,19,18,0) (1,7,28,29,26,4,13,19) (2,6,3,32,10,20) (2,14,16,17,6) (2,20,23,24,0,18,14) (3,31,5,27,12,32) (3,6,17,15,13,4,11,31) (4,26,8,38,39,30,11) (5,30,39,27) (5,31,11,30) (7,37,21,35,28) (8,9,35,21,34,33,38) (8,26,29,9) (9,29,28,35) (10,22,23,20) (10,32,12,33,34,36,25,22) (12,27,39,38,33) (13,15,16,14,18,19) (15,17,16) (21,37,36,34) (22,25,24,23)
(1,15,20,10,2) (1,11,8,17,34,0,15) (1,2,5,11) (2,10,29,22,31,30,5) (3,16,37,36) (3,38,39,4,27,26,7,16) (3,36,35,17,8,12,38) (4,23,27) (4,39,13,33,22,29,25,14,23) (5,30,28,6,12,8,11) (6,13,39,38,12) (6,28,32,33,13) (7,26,9,21,19,18) (7,18,37,16) (9,26,27,23,14) (9,14,25,24,21) (10,20,24,25,29) (15,0,19,21,24,20) (17,35,34) (18,19,0,34,35,36,37) (22,33,32,31) (28,30,31,32)
(1,17,8,5,20,21) (1,4,14,16,17) (1,21,9,15,4) (2,6,11,3) (2,13,7,0,6) (2,3,10,12,18,13) (3,11,5,8,10) (4,15,0,7,19,14) (5,11,6,0,15,9,20) (7,13,18,19) (8,17,16,12,10) (9,21,20) (12,16,14,19,18)
(1,13,6,15,14) (1,4,11,7,3,13) (1,14,5,9,4) (2,25,19,24) (2,11,4,9,17,27,25) (2,24,8,7,11) (3,7,8,18,16,20,23,10,12) (3,12,6,13) (5,15,6,12,10,21,0,17,9) (5,14,15) (8,24,19,26,18) (10,23,22,21) (16,18,26,27,17,0) (16,0,21,22,20) (19,25,27,26) (20,22,23)
(1,13,4,5,10,11) (1,12,6,13) (1,11,9,3,15,12) (2,4,13,6,0) (2,8,5,4) (2,0,14,8) (3,9,7) (3,7,10,5,8,14,15) (6,12,15,14,0) (7,9,11,10)
(1,4,6,11) (1,13,0,3,4) (1,11,7,9,2,12,13) (2,9,5) (2,5,8,10,3,0,12) (3,10,6,4) (5,9,7,8) (6,10,8,7,11) (12,0,13)
(1,20,4,21,12,13,9) (1,5,20) (1,9,17,8,7,3,5) (2,22,6,33,11,21,4) (2,3,7,15,18,25,22) (2,4,20,5,3) (6,22,25,19,26,24) (6,24,27,30,0,32,33) (7,8,14,31,15) (8,17,10,14) (9,13,29,28,10,17) (10,28,16,0,30,31,14) (11,33,32,23) (11,23,12,21) (12,23,32,0,16,29,13) (15,31,30,27,26,19,18) (16,28,29) (18,19,25) (24,26,27)
(1,7,8,12,10) (1,11,4,0,7) (1,10,2,6,11) (2,10,12,13,5) (2,5,16,17,20,6) (3,19,18,15) (3,16,5,13,22,23,9,19) (3,15,14,17,16) (4,11,6,20,21,18,19,9) (4,9,23,0) (7,0,23,22,8) (8,22,13,12) (14,21,20,17) (14,15,18,21)
(1,2,18,15,16,23,4) (1,0,8,21,7,9,2) (1,4,22,0) (2,9,10,3,19,18) (3,12,13,11,19) (3,10,6,12) (4,23,22) (5,8,0,22,23,16,17,14) (5,20,21,8) (5,14,11,13,20) (6,10,9,7) (6,7,21,20,13,12) (11,14,17,15,18,19) (15,17,16)
(1,2,9,8) (1,7,0,12,14,16,17,2) (1,8,4,7) (2,17,15,6,9) (3,6,15,10,11) (3,5,4,8,9,6) (3,11,14,12,13,5) (4,5,13,0,7) (10,15,17,16) (10,16,14,11) (12,0,13)
(1,13,12,28,29,27) (1,15,3,13) (1,27,14,19,15) (2,4,21,18,9) (2,5,17,4) (2,9,20,16,11,5) (3,15,19,23,18,21) (3,21,4,17,24,12,13) (5,11,8,25,24,17) (6,26,0,29,28) (6,10,8,11,16,7,22,26) (6,28,12,24,25,10) (7,20,9,18,23,22) (7,16,20) (8,10,25) (14,27,29,0) (14,0,26,22,23,19)
(1,11,10,23,4,3) (1,5,13,15,2,11) (1,3,5) (2,15,14,12,16) (2,16,19,18,8,9,10,11) (3,4,22,7,20,21,17,13,5) (4,23,22) (6,19,16,12,21,20) (6,18,19) (6,20,7,0,8,18) (7,22,23,10,9,0) (8,0,9) (12,14,17,21) (13,17,14,15)
(1,14,17,11,27,2) (1,35,37,3,22,25,16,14) (1,2,10,31,7,34,35) (2,27,29,28,10) (3,37,36) (3,36,5,30,32,0,20,21,24,22) (4,23,21,20,13) (4,9,11,17,8,23) (4,13,18,26,28,29,9) (5,36,37,35,34) (5,34,7,6,30) (6,15,33,32,30) (6,7,31,15) (8,16,25,24,21,23) (8,17,14,16) (9,29,27,11) (10,28,26,12,33,15,31) (12,19,0,32,33) (12,26,18,19) (13,20,0,19,18) (22,24,25)
(1,9,15,14,6,2,11) (1,0,9) (1,11,23,0) (2,8,18,25,19,13,22,23,11) (2,6,8) (3,10,24,25,18,16) (3,17,5,7,10) (3,16,21,17) (4,27,21,16,18,8,6,14) (4,20,12,26,27) (4,14,15,20) (5,17,21,27,26) (5,26,12,22,13,7) (7,13,19,24,10) (9,0,23,22,12,20,15) (19,25,24)
(1,10,17,16) (1,4,14,0,20,21,9,10) (1,16,8,5,18,19,12,4) (2,3,0,14,15,13) (2,5,8,11,9,21,6,3) (2,13,7,18,5) (3,6,20,0) (4,12,15,14) (6,21,20) (7,19,18) (7,13,15,12,19) (8,16,17,11) (9,11,17,10)
(1,19,17,5,8,11) (1,10,12,14,20,21,19) (1,11,10) (2,7,6,3,13,22,9) (2,8,5,7) (2,9,0,12,10,11,8) (3,23,25,13) (3,6,4,16,23) (4,17,19,21,18,16) (4,6,7,5,17) (9,22,24,15,0) (12,0,15,14) (13,25,24,22) (14,15,24,25,23,16,18,20) (18,21,20)
(1,14,15,4,20,17,0,8,10,13) (1,3,2,7,11,16,6,14) (1,13,12,9,3) (2,5,8,0,7) (2,3,9,18,5) (4,21,20) (4,15,6,16,21) (5,18,19,10,8) (6,15,14) (7,0,17,11) (9,12,19,18) (10,19,12,13) (11,17,20,21,16)
(1,10,14,17,16) (1,11,6,3,10) (1,16,12,11) (2,5,0,12,16,17,8,9) (2,7,3,6,13,5) (2,9,4,15,7) (3,7,15,14,10) (4,9,8) (4,8,17,14,15) (5,13,0) (6,11,12,0,13)
(1,3,18,19,13,7) (1,9,2,21,6,3) (1,7,11,9) (2,9,11,14,16,4,5) (2,5,10,15,8,20,21) (3,6,20,8,18) (4,16,17,0,15,10) (4,10,5) (6,21,20) (7,13,12,0,17,14,11) (8,15,0,12,19,18) (12,13,19) (14,17,16)
(1,31,30) (1,9,29,28,31) (1,30,8,17,23,7,2,14,9) (2,13,5,18,3,28,29,14) (2,7,6,13) (3,11,10,8,30,31,28) (3,18,20,0,11) (4,25,16,22,27,23,17) (4,19,21,12,25) (4,17,8,10,15,19) (5,26,27,22,24,12,21,20,18) (5,13,6,26) (6,7,23,27,26) (9,14,29) (10,11,0,15) (12,24,16,25) (15,0,20,21,19) (16,24,22)
(1,27,26) (1,6,7,23,12,13,20,21,19,27) (1,26,5,8,16,0,17,3,6) (2,10,20,13,4) (2,11,18,19,21,10) (2,4,9,14,24,25,16,8,11) (3,7,6) (3,17,24,14,15,22,23,7) (4,13,12,22,15,9) (5,26,27,19,18) (5,18,11,8) (9,15,14) (10,21,20) (12,23,22) (16,25,0) (17,0,25,24)
(1,11,10,17,13) (1,9,6,20,18,11) (1,13,16,9) (2,23,15,7,14) (2,5,25,21,3,23) (2,14,12,0,19,24,27,5) (3,21,20,6) (3,6,9,16,4,15,23) (4,16,13,17,8) (4,8,22,7,15) (5,27,26,25) (7,22,12,14) (8,17,10,0,12,22) (10,11,18,19,0) (18,20,21,25,26,24,19) (24,26,27)
(1,6,16,17) (1,14,7,12,3,6) (1,17,18,14) (2,8,4,11,19,15) (2,9,8) (2,15,10,13,9) (3,12,5,0,20) (3,20,21,13,10,16,6) (4,8,9,13,21,0,5) (4,5,12,7,11) (7,14,18,19,11) (10,15,19,18,17,16) (20,0,21)
(1,20,15,25,24) (1,10,14,2,20) (1,24,3,16,9,10) (2,21,23,22,15,20) (2,14,11,21) (3,17,28,12,13,0,16) (3,24,25,26,17) (4,12,28,29,27,5,18) (4,13,12) (4,18,8,11,14,10,9,0,13) (5,19,8,18) (5,27,6,7,19) (6,27,29,26,25,15,22) (6,22,23,7) (7,23,21,11,8,19) (9,16,0) (17,26,29,28)
(1,15,11,20,12,13,7) (1,5,10,15) (1,7,6,9,5) (2,4,21,20,11,8) (2,19,23,4) (2,8,10,5,9,16,17,19) (3,24,25,14) (3,12,20,21,22,18,24) (3,14,0,13,12) (4,23,22,21) (6,7,13,0) (6,0,14,25,16,9) (8,11,15,10) (16,25,24,18,17) (17,18,22,23,19)
(1,25,24,29,14) (1,5,9,16,11,25) (1,14,7,12,5) (2,17,16,9,15) (2,19,0,4,17) (2,15,3,6,22,19) (3,13,10,30,6) (3,15,9,5,12,13) (4,8,11,16,17) (4,0,21,18,28,29,24,8) (6,30,31,23,22) (7,14,29,28,26,27) (7,27,10,13,12) (8,24,25,11) (10,27,26,20,31,30) (18,20,26,28) (18,21,23,31,20) (19,22,23,21,0)
(1,18,19,14,4,5) (1,0,3,11,10,18) (1,5,13,20,8,0) (2,3,0,8,7) (2,9,11,3) (2,7,6,15,9) (4,14,16,15,6,12) (4,12,21,13,5) (6,7,8,20,21,12) (9,15,16,17,10,11) (10,17,19,18) (13,21,20) (14,19,17,16)
(1,6,7,14,3) (1,10,22,23,24,15,5,6) (1,3,16,10) (2,20,21,9,18,4) (2,8,7,6,5,20) (2,4,0,8) (3,14,0,4,18,19,13,11,16) (5,15,17,21,20) (7,8,0,14) (9,19,18) (9,21,17,12,13,19) (10,16,11,22) (11,13,12,25,23,22) (12,17,15,24,25) (23,25,24)
(1,6,5,17,2,8,12) (1,16,11,10,6) (1,12,13,16) (2,4,15,9,8) (2,17,3,4) (3,5,6,10,14,15,4) (3,17,5) (7,0,9,15,14) (7,11,16,13,0) (7,14,10,11) (8,9,0,13,12)
(1,10,0,16,14,19,18,12) (1,17,15,7,2,3,9,10) (1,12,17) (2,5,13,11,16,0,6,3) (2,7,5) (3,6,9) (4,11,13,8,18,19) (4,14,16,11) (4,19,14) (5,7,15,8,13) (6,0,10,9) (8,15,17,12,18)
(1,14,0,15,12,8) (1,9,10,5,14) (1,8,16,17,9) (2,3,7,6,5,10) (2,4,11,13,3) (2,10,9,17,4) (3,13,12,15,7) (4,17,16,11) (5,6,0,14) (6,7,15,0) (8,12,13,11,16)
(1,5,14,28,29) (1,3,9,12,16,5) (1,29,17,4,26,27,21,3) (2,15,16,12) (2,18,20,10,22,30,8,0,15) (2,12,9,6,18) (3,21,19,13,6,9) (4,23,31,22,10,24,26) (4,17,28,14,7,23) (5,16,15,0,11,7,14) (6,13,20,18) (7,11,8,30,31,23) (8,11,0) (10,20,13,19,25,24) (17,29,28) (19,21,27,25) (22,31,30) (24,25,27,26)
(1,8,27,21,18,16) (1,9,8) (1,16,6,3,11,9) (2,7,29,28,31,34,35,22,33) (2,24,7) (2,33,19,12,26,14,25,24) (3,0,28,29,10,11) (3,6,13,32,30,0) (4,22,35,32,13) (4,20,23,19,33,22) (4,13,6,16,18,20) (5,30,32,35,34) (5,31,28,0,30) (5,34,31) (7,24,25,15,10,29) (8,9,11,10,15,14,26,27) (12,17,21,27,26) (12,19,23,17) (14,15,25) (17,23,20,18,21)
(1,0,3,8) (1,5,11,9,13,0) (1,8,2,6,7,16,12,5) (2,8,3,4) (2,4,13,9,14,15,6) (3,0,13,4) (5,12,11) (6,15,10,17,7) (7,17,16) (9,11,12,16,17,10,14) (10,15,14)
(1,19,20,16,9,29,14,25,30,31) (1,18,21,19) (1,31,10,3,7,18) (2,27,26) (2,5,12,13,7,3,24,27) (2,26,0,22,23,5) (3,10,30,25,24) (4,11,23,22,17,9,16) (4,15,11) (4,16,20,21,18,7,13,6,15) (5,23,11,15,6,12) (6,13,12) (8,28,29,9,17) (8,0,26,27,24,25,14,28) (8,17,22,0) (10,31,30) (14,29,28) (19,21,20)
(1,10,0,25,24,13) (1,19,23,10) (1,13,14,18,19) (2,14,13,24,3,11) (2,20,21,8,30,18,14) (2,11,12,16,17,20) (3,15,12,11) (3,24,25,15) (4,21,20,17,7,27) (4,29,5,8,21) (4,27,32,9,28,29) (5,22,31,30,8) (5,29,28,22) (6,26,33,7,17,16) (6,0,10,23,31,22,28,9,26) (6,16,12,15,25,0) (7,33,32,27) (9,32,33,26) (18,30,31,23,19)
(1,7,15,13,5) (1,11,10,7) (1,5,4,9,11) (2,4,5,13,8) (2,3,9,4) (2,8,12,0,3) (3,0,6,10,11,9) (6,14,15,7,10) (6,0,12,14) (8,13,15,14,12)
(1,17,29,28) (1,22,7,8,4,17) (1,28,21,18,16,10,22) (2,5,27,26) (2,3,11,15,14,5) (2,26,6,18,21,3) (3,21,28,29,11) (4,8,9,25,14,15) (4,15,11,29,17) (5,14,25,24,27) (6,26,27,24,13,0,12) (6,12,16,18) (7,22,10,23,20,19) (7,19,9,8) (9,19,20,13,24,25) (10,16,12,0,23) (13,20,23,0)
(1,7,12,8) (1,10,11,4,7) (1,8,0,6,2,3,10) (2,6,5) (2,5,9,4,11,3) (3,11,10) (4,9,13,12,7) (5,6,0,13,9) (8,12,13,0)
(1,13,17,14) (1,5,12,11,8,7,3,10,13) (1,14,15,9,4,5) (2,11,12,4,9,21,20) (2,8,11) (2,20,18,16,0,6,7,8) (3,6,0,10) (3,7,6) (4,12,5) (9,15,19,21) (10,0,16,17,13) (14,17,16,18,19,15) (18,20,21,19)
(1,17,16,13) (1,4,7,11,17) (1,13,3,9,19,8,15,4) (2,0,18,19,9) (2,6,5,10,0) (2,9,3,6) (3,13,16,5,6) (4,15,14,7) (5,16,17,11,12,10) (7,14,12,11) (8,19,18) (8,18,0,10,12,14,15)
(1,11,8,25,17,21,26,27) (1,5,14,22,23,10,11) (1,27,18,7,5) (2,18,27,26) (2,9,12,6,7,18) (2,26,21,20,9) (3,16,22,14,4) (3,19,20,21,17,24,0,16) (3,4,13,15,19) (4,14,5,7,6,13) (6,12,15,13) (8,11,10) (8,10,23,0,24,25) (9,20,19,15,12) (16,0,23,22) (17,25,24)
(1,2,12) (1,11,19,20,14,36,35,37,5,2) (1,12,33,11) (2,5,18,17,22,0,32,33,12) (3,8,20,19,32,0,30,31) (3,4,25,10,6,8) (3,31,21,4) (4,21,7,16,25) (5,37,15,28,24,9,18) (6,14,20,8) (6,10,34,36,14) (7,21,31,30,13,26) (7,26,24,28,27,16) (9,24,26,13,22,17) (9,17,18) (10,25,16,27,29,23,34) (11,33,32,19) (13,30,0,22) (15,37,35,23,29) (15,29,27,28) (23,35,36,34)
(1,8,11,3,21,20) (1,16,17,6,7,10,8) (1,20,0,18,19,13,16) (2,7,6,9) (2,3,11,10,7) (2,9,15,5,4,14,21,3) (4,23,22,12,14) (4,5,23) (5,15,19,18,22,23) (6,17,13,19,15,9) (8,10,11) (12,0,20,21,14) (12,22,18,0) (13,17,16)
(1,0,15,16,27,22) (1,2,3,11,13,18,19,0) (1,22,23,4,5,2) (2,5,21,3) (3,21,14,8,12,11) (4,24,25,7,14,21,5) (4,23,17,24) (6,25,24,17,9,10) (6,19,18,20,7,25) (6,10,15,0,19) (7,20,8,14) (8,20,18,13,12) (9,17,23,22,27,26) (9,26,16,15,10) (11,12,13) (16,26,27)
(1,9,3,17,7) (1,20,18,4,9) (1,7,8,12,2,10,20) (2,23,0,11,19,10) (2,12,14,22,23) (3,6,11,0,5,13,17) (3,9,4,21,16,6) (4,18,21) (5,0,23,22) (5,22,14,15,13) (6,16,19,11) (7,17,13,15,8) (8,15,14,12) (10,19,16,21,18,20)
(1,17,20,6) (1,10,7,26,27,19,3,22,17) (1,6,4,10) (2,13,3,19,18) (2,9,11,25,21,23,13) (2,18,5,12,15,9) (3,13,23,22) (4,6,20,24,25,11,14,8) (4,8,0,7,10) (5,18,19,27,16) (5,16,26,7,0,12) (8,14,15,12,0) (9,15,14,11) (16,27,26) (17,22,23,21,24,20) (21,25,24)
(1,5,12,9,15) (1,10,16,0,5) (1,15,10) (2,3,17,6,7) (2,8,3) (2,7,14,13,11,8) (3,8,11,0,16,17) (4,6,17,16,10,15,9) (4,14,7,6) (4,9,12,13,14) (5,0,11,13,12)
(1,5,20,22,23,17) (1,9,28,29,2,5) (1,17,18,0,13,10,9) (2,29,4,21,8,25,24) (2,24,7,20,5) (3,12,19,26,27,25,8,14) (3,13,0,12) (3,14,6,11,10,13) (4,29,28,15) (4,15,11,6,21) (6,14,8,21) (7,16,22,20) (7,24,25,27,16) (9,10,11,15,28) (12,0,18,19) (16,27,26,23,22) (17,23,26,19,18)
(1,0,13,3,17,2) (1,4,7,10,20,22,0) (1,2,14,4) (2,17,6,15,14) (3,16,24,6,17) (3,13,26,27,16) (4,14,15,8,18,7) (5,10,7,18,19) (5,21,23,20,10) (5,19,11,25,9,21) (6,24,12,25,11,8,15) (8,11,19,18) (9,25,12,27,26) (9,26,13,0,22,23,21) (12,24,16,27) (20,23,22)
(1,3,8,23,22) (1,14,2,4,15,10,3) (1,22,11,21,12,14) (2,12,21,26,0,4) (2,14,12) (3,10,18,24,8) (4,0,13,7,15) (5,20,11,22,23,25,30) (5,6,19,20) (5,30,31,29,9,17,6) (6,17,16,27,19) (7,13,16,17,9) (7,9,29,18,10,15) (8,24,28,25,23) (11,20,19,27,26,21) (13,0,26,27,16) (18,29,31,28,24) (25,28,31,30)
(1,13,7,16,10,20,19,18) (1,15,13) (1,18,3,8,15) (2,5,11,6,0,22,23,4) (2,14,7,13,15,8,12,5) (2,4,14) (3,9,6,11,12,8) (3,18,19,17,21,9) (4,23,16,7,14) (5,12,11) (6,9,21,0) (10,22,0,21,17,20) (10,16,23,22) (17,19,20)
(1,5,20,3,12,7,10,17) (1,4,18,16,21,5) (1,17,19,4) (2,15,6,9) (2,8,13,14,18,4,19,15) (2,9,0,8) (3,13,8,0,12) (3,20,21,16,14,13) (5,21,20) (6,11,7,12,0,9) (6,15,19,17,10,11) (7,11,10) (14,16,18)
(1,7,19,17,0) (1,13,8,14,15,5,7) (1,0,12,13) (2,5,15,9) (2,18,25,26,19,7,5) (2,9,10,11,22,27,24,18) (3,4,16,23,22,11) (3,6,14,8,21,4) (3,11,10,6) (4,21,20,16) (6,10,9,15,14) (8,13,12,20,21) (12,0,17,23,16,20) (17,19,26,27,22,23) (18,24,25) (24,27,26,25)
(1,6,7) (1,2,4,3,10,6) (1,7,9,5,12,0,2) (2,0,4) (3,11,10) (3,4,0,12,13,8,11) (5,13,12) (5,9,8,13) (6,10,11,8,9,7)
(1,26,27,25,22,21,20,4) (1,14,15,26) (1,4,2,5,14) (2,4,20,18,16) (2,16,8,12,11,7,13,5) (3,28,29,10) (3,23,19,28) (3,10,12,8,0,21,22,23) (5,13,17,15,14) (6,7,11,29,28,19) (6,9,24,17,13,7) (6,19,23,22,25,9) (8,16,18,0) (9,25,27,24) (10,29,11,12) (15,17,24,27,26) (18,20,21,0)
(1,30,31,12,17,32,13,35) (1,6,7,5,18,30) (1,35,33,6) (2,11,25,24,34,12,31) (2,23,11) (2,31,30,18,28,16,22,23) (3,19,14,15,8,9,4) (3,10,29,20,19) (3,4,32,17,34,24,26,10) (4,9,13,32) (5,21,20,29,28,18) (5,7,15,14,21) (6,33,8,15,7) (8,33,35,13,9) (10,26,27,16,28,29) (11,23,22,0,25) (12,34,17) (14,19,20,21) (16,27,0,22) (24,25,0,27,26)
(1,15,14,18,19) (1,17,5,8,9,15) (1,19,12,2,7,20,17) (2,21,10,30,7) (2,12,6,29,23,21) (3,37,36,20,7,30) (3,24,28,25,27,4,37) (3,30,10,16,24) (4,26,11,31,0,33,36,37) (4,27,26) (5,32,0,31,8) (5,17,20,36,33,32) (6,12,19,18) (6,18,14,13,35,22,25,28,29) (8,31,11,34,35,13,9) (9,13,14,15) (10,21,23,16) (11,26,27,25,22,34) (16,23,29,28,24) (22,35,34) (32,33,0)
(1,21,19,25,5,3) (1,17,20,21) (1,3,16,13,15,17) (2,0,22,23,14,7) (2,4,15,13,24,8,9,0) (2,7,4) (3,5,16) (4,7,14,11,20,17,15) (5,25,24,13,16) (6,19,21,20,11,23,22,18) (6,10,8,24,25,19) (6,18,12,10) (8,10,12,9) (9,12,18,22,0) (11,14,23)
(1,7,2,25,3) (1,15,18,7) (1,3,20,6,13,12,5,15) (2,7,18,19,8) (2,8,14,0,24,25) (3,25,24,21,20) (4,11,16,10,12,13) (4,6,20,21,23,9,11) (4,13,6) (5,17,19,18,15) (5,12,10,17) (8,19,17,10,16,14) (9,23,22) (9,22,0,14,16,11) (21,24,0,22,23)
(1,3,5,7,9) (1,0,12,13,3) (1,9,4,0) (2,17,16,8) (2,6,15,11,17) (2,8,10,6) (3,13,14,5) (4,16,17,11,12,0) (4,9,7,10,8,16) (5,14,15,6,10,7) (11,15,14,13,12)
