515 3.05649 2.88462 2.82655 
8 3.01271 0.91778 0.633398 
63 0.733842 3.05021 0.789794 
1805 2.53081 -1.12114 15.3701 
2745 44.2125 -1.14042 23.6389 
55864 60.5582 5.0445 17.1561 
11 9.53643 -1.15855 0.781846 
12 6.97971 0.427313 0.37635 
67 4.98861 2.58827 0.497836 
102 41.6788 5.37236 -1.21925 
519 6.79739 2.71356 2.5981 
59 59.0209 -1.1018 0.909467 
16 11.2189 0.891373 0.606688 
71 8.89981 2.81792 0.747421 
460 8.80678 0.514301 2.56264 
481 29.5709 -1.24896 5.11745 
20 15.2168 1.10514 0.841842 
75 13.1112 2.55156 0.897317 
464 13.6111 1.15512 3.16309 
527 15.2432 3.19222 2.94974 
358 58.5119 21.4782 -0.843545 
939 37.7845 -1.2619 9.02276 
24 19.3457 0.743443 0.822182 
79 17.2627 2.85332 0.71586 
468 17.1862 0.53896 2.87145 
1024 -1.22071 8.97182 9.24917 
531 19.1192 2.832 2.92006 
353 52.3286 19.3158 -1.05102 
28 23.4131 0.658122 0.543419 
83 21.4663 2.76245 0.678796 
472 21.4372 0.729457 2.81753 
535 23.4979 2.3832 3.1739 
